16.718172, 37.706825, -33.401497, -24.632145, -0.386471
46.906481, -0.278300, -31.359460, -11.151361, -0.441032
4.874872, 39.688762, 4.601125, -29.597723, -17.084171, -3.986194, -0.499484, -0.039751
0.382734, 11.600593, 25.926342, 16.171445, -4.071930, -15.789140, -15.459850, -9.715645, -4.578716, -1.737628, -0.554990, -0.153874, -0.037896
0.000000, 0.480214, 6.921585, 19.054401, 20.097901, 8.063161, -5.654892, -13.177976, -13.542035, -9.908839, -5.753278, -2.789897, -1.167391, -0.431628, -0.143624, -0.043643, -0.012256
0.000000, 0.000000, 0.025423, 0.514853, 3.058739, 8.361133, 13.333055, 14.125432, 10.316964, 4.169592, -1.959505, -6.610802, -9.120815, -9.497661, -8.300468, -6.339777, -4.327111, -2.679655, -1.523300, -0.802495, -0.394920, -0.182784, -0.080034, -0.033323, -0.013252
-0.033983, -0.018342, 0.000000, 0.041421, 0.381261, 1.582273, 4.044248, 7.264314, 9.934484, 10.858633, 9.678127, 6.859569, 3.242527, -0.373500, -3.418266, -5.578013, -6.761705, -7.051814, -6.645934, -5.792363, -4.731223, -3.653763, -2.685179, -1.887522, -1.274470, -0.829555, -0.522145, -0.318680, -0.189056, -0.109254
100.237329, -0.857077, -63.966083, -19.964490, -0.666296
96.988006, 4.481430, -63.553532, -24.106361, -1.854547, -0.049874
9.559429, 83.991685, 17.931446, -55.198745, -36.017134, -9.161688, -1.215921, -0.100443
0.033349, 9.408633, 47.189055, 43.213403, 3.820381, -27.065115, -35.950785, -27.301732, -14.569835, -5.957075, -1.972794, -0.550822, -0.133633, -0.028833
0.000000, 0.350566, 11.367555, 39.309777, 39.391052, 14.283920, -10.213468, -27.077409, -31.176297, -23.745862, -13.214956, -5.698053, -1.986921, -0.579141, -0.144840, -0.031742
0.067111, 3.178047, 15.065898, 27.822113, 30.502334, 23.335404, 11.921736, 0.305515, -9.434450, -15.927694, -18.496508, -17.557644, -14.403386, -10.506042, -6.941118, -4.210729, -2.370658, -1.249503, -0.621001, -0.292798, -0.131646, -0.056694, -0.023476
-0.030041, -0.014633, 0.000000, 0.157203, 1.371620, 5.409177, 12.478370, 19.443548, 22.405208, 20.176733, 14.406103, 7.415374, 0.681510, -5.204011, -9.971390, -13.344113, -15.089985, -15.197099, -13.943022, -11.809142, -9.320078, -6.905326, -4.832857, -3.212084, -2.036768, -1.237175, -0.722460, -0.406886, -0.221637, -0.117065
192.751164, -104.151619, -68.626522, -1.144990
178.341292, -117.480693, -80.759404, -0.695171
175.690514, -76.824213, -106.416126, -14.744360, -0.106653
0.674685, 53.912593, 133.949119, -4.756638, -87.252928, -53.432596, -17.515273, -3.990716, -0.708292, -0.104488, -0.013356
0.760097, 71.061247, 113.924222, 7.184777, -58.535860, -59.829830, -34.176546, -13.595824, -4.174742, -1.056523, -0.230498, -0.044755
0.030633, 6.718617, 46.510206, 76.532194, 49.270243, -1.396503, -37.701174, -49.655392, -43.724830, -30.658555, -18.256868, -9.573982, -4.531681, -1.971736, -0.799760, -0.305770, -0.111171, -0.038713, -0.012988
0.000000, 0.000000, 0.502914, 7.048120, 28.956630, 54.519708, 58.812261, 38.879129, 10.326724, -13.698230, -28.298123, -33.488175, -31.528995, -25.558557, -18.461862, -12.130321, -7.357629, -4.167461, -2.224970, -1.128342, -0.547034, -0.254916, -0.114704, -0.050033, -0.021227
185.329132, -177.097686, -6.278682
188.137938, -180.839972, -9.838559, -0.105082
209.644484, -179.679525, -32.631196, -0.022328
226.702561, -81.398400, -128.039035, -14.364862, -0.517918
9.100782, 206.226210, -26.579082, -142.336817, -40.970005, -2.878919, -0.090924
0.559663, 89.371903, 139.500309, -14.528182, -100.847572, -76.307418, -26.806639, -5.519423, -0.760588, -0.076715
7.777346, 72.128831, 112.264891, 49.551668, -41.014315, -76.931421, -62.238826, -35.044762, -15.687724, -5.965603, -2.006348, -0.613073, -0.173475, -0.046094, -0.011623
182.948381, -180.378609, -0.068789
186.902039, -184.339809, -0.984814
209.765105, -190.968905, -20.240707, -0.042650
241.949053, -122.450687, -117.360486, -3.978487, -0.013750
4.809154, 230.011730, -65.422125, -144.232044, -26.317456, -0.706982
156.491801, 99.793679, -84.014090, -102.869500, -49.518056, -12.876597, -2.257801, -0.303279, -0.033676
2.500825, 78.263964, 133.197215, 36.845095, -64.176654, -87.469805, -58.591525, -26.439276, -8.975370, -2.443814, -0.557504, -0.109998, -0.019226
7.378501, 70.143200, -42.629372, -52.263738, -5.193267, -0.103779
71.563931, -24.927069, -57.856017, -12.170004, -0.180757
62.248772, 3.356848, -55.930350, -29.116172, -4.192102, -0.253130
0.595270, 20.872207, 40.453436, 14.719385, -21.169113, -34.749718, -25.677791, -12.199667, -4.206783, -1.130088, -0.248235, -0.046188
0.162620, 6.371227, 24.630807, 32.825442, 14.130191, -13.849403, -28.121899, -26.005958, -17.086694, -9.014320, -4.055757, -1.614475, -0.582912, -0.194329, -0.060622, -0.017878
0.000000, 0.444256, 4.405474, 13.430155, 21.242417, 21.298613, 13.314021, 1.318589, -9.936752, -17.118711, -19.225566, -17.310805, -13.351604, -9.117024, -5.626561, -3.184779, -1.672006, -0.821508, -0.380536, -0.167209, -0.070059, -0.028116, -0.010849
0.000000, 0.000000, 0.018491, 0.303948, 1.713009, 5.215148, 10.375443, 15.029857, 16.826112, 14.783417, 9.539671, 2.653235, -4.192481, -9.692049, -13.132429, -14.402323, -13.856252, -12.098228, -9.764785, -7.371885, -5.249460, -3.548736, -2.289400, -1.415636, -0.842134, -0.483520, -0.268710, -0.144903, -0.075992, -0.038835
124.840621, -62.193783, -90.369778, -11.837415, -0.140834
123.075383, -52.567069, -93.783749, -16.263587, -0.092075
110.182880, -4.528641, -95.773188, -42.634545, -6.028281, -0.428511, -0.018676
0.000000, 6.881179, 61.282413, 55.346865, -9.958808, -56.002139, -55.667247, -28.810274, -9.299779, -2.079982, -0.346958, -0.045566
0.000000, 0.907919, 22.715006, 60.249252, 41.665193, -6.526808, -41.274884, -48.937434, -36.194584, -19.398464, -8.102164, -2.770848, -0.804886, -0.204260, -0.046293
0.000000, 0.000000, 0.799184, 8.542631, 26.790312, 38.647276, 32.176164, 15.327709, -3.627820, -21.820616, -34.377141, -36.341914, -28.957224, -18.291450, -9.476201, -4.133363, -1.550451, -0.508970, -0.148374, -0.038889
0.075558, 2.603013, 11.899516, 23.838687, 30.286172, 28.378361, 20.230195, 9.018500, -2.756023, -13.158319, -20.667481, -24.454804, -24.623560, -22.061891, -18.003381, -13.581753, -9.574546, -6.359990, -4.007638, -2.408973, -1.387795, -0.769326, -0.411803, -0.213487, -0.107473, -0.052660, -0.025166, -0.011751
248.252359, -189.684196, -57.337263, -0.075163
251.354621, -186.285555, -65.484454, -0.086199
259.346325, -154.841482, -104.441913, -0.672670
0.200919, 63.643402, 207.128900, -74.962204, -142.939647, -46.240966, -7.326123, -0.738037, -0.053905
88.603268, 178.647086, -45.836095, -126.064747, -74.517448, -12.136218, -0.915116, -0.041517
75.703375, 135.294601, 56.406383, -35.446924, -79.639252, -72.466580, -44.783283, -21.406622, -8.456955, -2.879602, -0.870052, -0.238277, -0.060106, -0.014140
0.000000, 0.070283, 5.217707, 41.194237, 94.162019, 92.946291, 37.226418, -20.763049, -52.735065, -59.146515, -50.367543, -36.349033, -23.276133, -13.583911, -7.359337, -3.752266, -1.819489, -0.845999, -0.379642, -0.165281, -0.070103, -0.029067, -0.011816
255.642001, -256.960907, -0.069820
261.654367, -262.777655, -0.110913
297.528201, -270.907795, -24.864333, -0.054877
345.861788, -179.096060, -163.235196, -1.958453
331.149079, -86.158480, -206.335751, -36.059313, -0.296964
218.400337, 143.726422, -124.185394, -155.085040, -67.783633, -13.408645, -1.587797, -0.133062
2.123317, 111.976706, 186.281173, 46.032065, -91.356684, -135.934055, -83.097040, -28.937852, -6.601963, -1.080416, -0.135235, -0.013574
227.492321, -227.920605, -0.010204
233.970360, -233.123175, -0.078098
262.298114, -253.180792, -8.551137
327.217942, -203.589805, -123.744210, -0.449827
324.073249, -134.561258, -174.665750, -11.787241, -0.264385
243.440910, 82.951216, -166.480336, -127.582000, -27.924915, -1.384855, -0.026863
130.868807, 186.715605, -7.464938, -122.940490, -115.266680, -53.939965, -16.007562, -3.413360, -0.565783, -0.076898
121.830851, -44.489826, -68.734712, -5.577951, -0.147601
120.406079, -36.282714, -71.596610, -9.562903, -0.070324
106.533205, 2.168708, -77.136977, -29.819645, -2.785076, -0.108247
0.000000, 4.870417, 49.755372, 63.551548, 2.598661, -44.228188, -43.921472, -23.735451, -8.690672, -2.374260, -0.514730, -0.092553, -0.014269
0.000000, 0.514640, 13.669125, 48.588043, 52.940447, 12.427574, -28.449813, -40.834405, -30.715273, -16.063948, -6.418723, -2.066420, -0.556014, -0.128530, -0.026081
0.000000, 0.413432, 5.467037, 19.749561, 34.648214, 36.882501, 23.824718, 3.051077, -15.577353, -25.887487, -27.194100, -22.573494, -15.897325, -9.841666, -5.476150, -2.782137, -1.306121, -0.572047, -0.235566, -0.091802, -0.034044, -0.012070
0.000000, 0.017028, 0.483960, 3.305382, 10.401599, 20.023675, 27.308600, 28.434748, 22.893339, 12.738347, 0.979598, -9.555428, -16.894193, -20.268774, -20.070899, -17.432796, -13.668026, -9.840123, -6.581753, -4.126225, -2.441602, -1.371555, -0.734994, -0.377312, -0.186226, -0.088650, -0.040817, -0.018223
154.064697, -88.838501, -82.050099, -2.443355, -0.018434
153.178572, -80.707910, -86.537315, -4.628086, -0.083126
2.134188, 143.786538, -39.306533, -102.804107, -24.352133, -0.821045
65.836351, 88.081975, -19.122325, -66.064826, -57.930318, -24.303033, -6.238066, -1.132591, -0.159236, -0.018409
0.126375, 20.806295, 80.085479, 56.100748, -16.995060, -56.559120, -52.321740, -30.877581, -13.523715, -4.735178, -1.391242, -0.355114, -0.080815, -0.016727
0.075599, 7.061254, 37.135127, 59.882918, 48.647929, 19.089359, -9.862450, -29.031502, -35.273492, -30.966644, -21.866166, -13.026606, -6.746243, -3.103619, -1.289752, -0.490639, -0.172722, -0.056775, -0.017557
0.000000, 0.000000, 0.119750, 2.218029, 12.051958, 30.138460, 44.015546, 42.862126, 29.020917, 10.958791, -5.393866, -17.553641, -24.567838, -26.385927, -24.014082, -19.223160, -13.818095, -9.049546, -5.461068, -3.065096, -1.612627, -0.800680, -0.377337, -0.169639, -0.073072, -0.030275, -0.012106
239.734604, -216.741299, -21.344200, -0.041301
245.017608, -216.578220, -27.532860, -0.050235
264.529673, -206.593707, -61.185800, -0.105818
0.235813, 129.336521, 187.170778, -204.719750, -95.275106, -13.329252, -0.795551, -0.024686
0.041600, 38.032341, 223.811231, -19.023006, -168.267796, -63.898280, -10.590577, -1.048449, -0.072090
1.667198, 92.490119, 158.248554, 25.238710, -89.901801, -102.399413, -58.358934, -21.563554, -5.779220, -1.206273, -0.206127, -0.029914
0.015668, 6.230968, 58.792345, 118.234964, 89.794378, 4.480364, -64.161509, -83.134102, -64.928194, -37.393303, -17.137315, -6.534292, -2.138036, -0.614484, -0.157979, -0.036866
244.668789, -241.771576, -0.052904
250.570369, -248.606124, -0.067505
278.176218, -274.463834, -6.136055
355.904504, -222.165145, -129.676789, -0.204154
348.076023, -155.594060, -186.839355, -8.541006, -0.076553
265.552739, 85.449124, -184.632105, -133.559602, -30.477906, -2.332034, -0.085948
9.484729, 158.585864, 187.592010, -21.918542, -151.916169, -114.001772, -44.779671, -11.530090, -2.182377, -0.326664, -0.040668
264.191880, -266.154032, -0.029179
270.728738, -274.416049, -0.056518
303.548413, -305.280623, -0.095018
396.888052, -274.745424, -123.966636, -0.368650
398.601584, -209.430014, -191.964315, -1.286878
322.253665, 59.619991, -231.877098, -128.670911, -24.207987, -1.834925, -0.075754
35.337960, 237.341003, 149.824617, -119.454436, -175.088553, -92.804282, -30.415175, -7.282380, -1.392024, -0.224581, -0.031756
